<?xml version="1.0"?>
<opencv_storage>
<CameraMatrix type_id="opencv-matrix">
  <rows>3</rows>
  <cols>4</cols>
  <dt>d</dt>
  <data>
    1. 0. 0. 0. 0. 1. 0. 0. 0. 0. 1. 0.</data></CameraMatrix>
<Intrinsics type_id="opencv-matrix">
  <rows>3</rows>
  <cols>3</cols>
  <dt>d</dt>
  <data>
    1.5910683727262965e+03 0. 6.3490975535593464e+02 0.
    1.5983885832441861e+03 5.0170778204766032e+02 0. 0. 1.</data></Intrinsics>
<Distortion type_id="opencv-matrix">
  <rows>8</rows>
  <cols>1</cols>
  <dt>d</dt>
  <data>
    1.3694572149142270e-02 -1.9421787402743668e-01
    2.4237183924488573e-04 6.0320080929389288e-04
    -4.3991507469962663e+00 3.1745936371031592e-03
    -3.1300552549394478e-01 -3.7392289985778460e+00</data></Distortion>
</opencv_storage>
