<?xml version="1.0"?>
<opencv_storage>
<CameraMatrix type_id="opencv-matrix">
  <rows>3</rows>
  <cols>4</cols>
  <dt>d</dt>
  <data>
    9.3321722265197871e-01 -1.9478266696228463e-01
    3.0193596671610190e-01 -1.3067140478929598e+00
    1.8202996608805994e-01 9.8079062213374102e-01 7.0105969649446223e-02
    -2.3804473145934313e-01 -3.0979139237833420e-01
    -1.0462704505482503e-02 9.5074698265244262e-01
    4.0787547994569733e-02</data></CameraMatrix>
<Intrinsics type_id="opencv-matrix">
  <rows>3</rows>
  <cols>3</cols>
  <dt>d</dt>
  <data>
    1.4604371087064878e+03 0. 6.3588506511488492e+02 0.
    1.4576800311265970e+03 5.2533468042687082e+02 0. 0. 1.</data></Intrinsics>
<Distortion type_id="opencv-matrix">
  <rows>8</rows>
  <cols>1</cols>
  <dt>d</dt>
  <data>
    -1.9849504149972735e-01 7.7185921304103777e-01
    -8.2793806628807757e-03 -4.2065826413414280e-04
    5.3810456749100266e-01 2.2190356955493926e-01 5.7964141958499404e-01
    1.0461928635620648e+00</data></Distortion>
</opencv_storage>
